%YAML:1.0
---
Extrinsic: !!opencv-matrix
   rows: 4
   cols: 4
   dt: d
   data: [ -5.5506604710162910e-01, 1.2013837833353296e-02,
       8.3171951465351945e-01, -3.6251926969042553e-01,
       1.3335357870864847e-01, 9.8824769593941775e-01,
       7.4721579988842629e-02, 7.9590392914792485e-01,
       -8.2104720107955331e-01, 1.5238818579846208e-01,
       -5.5014483041148809e-01, 2.9326331618459696e+00, 0., 0., 0., 1. ]
Intrinsic: !!opencv-matrix
   rows: 3
   cols: 3
   dt: d
   data: [ 9.2706122381479099e+02, 0., 960., 0., 9.1673808443608823e+02,
       540., 0., 0., 1. ]
rvec: !!opencv-matrix
   rows: 1
   cols: 3
   dt: d
   data: [ 1.0127586861222232e-01, 2.1551783163994687e+00,
       1.5822485772650385e-01 ]
tvec: !!opencv-matrix
   rows: 1
   cols: 3
   dt: d
   data: [ -3.6251926969042553e-01, 7.9590392914792485e-01,
       2.9326331618459696e+00 ]
date: "2023/12/10 16:43:30"
