%YAML:1.0
---
Extrinsic: !!opencv-matrix
   rows: 4
   cols: 4
   dt: d
   data: [ 6.3030259584983672e-01, -1.2371975161503172e-02,
       7.7625097223485673e-01, -1.7691713818340116e-02,
       7.9343617333758054e-02, 9.9566402003580179e-01,
       -4.8556663750102987e-02, 9.9741718233125820e-01,
       -7.7228442173421530e-01, 9.2195951303457729e-02,
       6.2855125368572684e-01, 2.7130092638588321e+00, 0., 0., 0., 1. ]
Intrinsic: !!opencv-matrix
   rows: 3
   cols: 3
   dt: d
   data: [ 9.2706122381479099e+02, 0., 960., 0., 9.1673808443608823e+02,
       540., 0., 0., 1. ]
rvec: !!opencv-matrix
   rows: 1
   cols: 3
   dt: d
   data: [ 8.0673886834184250e-02, 8.8755984451337921e-01,
       5.2567785877919895e-02 ]
tvec: !!opencv-matrix
   rows: 1
   cols: 3
   dt: d
   data: [ -1.7691713818340116e-02, 9.9741718233125820e-01,
       2.7130092638588321e+00 ]
date: "2023/12/10 16:43:30"
