%YAML:1.0
---
Extrinsic: !!opencv-matrix
   rows: 4
   cols: 4
   dt: d
   data: [ 4.0743807552411776e-01, -6.7519681637571854e-03,
       -9.1320787641101664e-01, -4.5414055223305000e-01,
       -1.0336254193156488e-01, 9.9320603720238099e-01,
       -5.3459822204979267e-02, 9.1980488711530140e-01,
       9.0736453508975579e-01, 1.1617305449482729e-01,
       4.0397205580422646e-01, 2.9293986067674638e+00, 0., 0., 0., 1. ]
Intrinsic: !!opencv-matrix
   rows: 3
   cols: 3
   dt: d
   data: [ 9.2706122381479099e+02, 0., 960., 0., 9.1673808443608823e+02,
       540., 0., 0., 1. ]
rvec: !!opencv-matrix
   rows: 1
   cols: 3
   dt: d
   data: [ 1.0716742520609153e-01, -1.1501665333840632e+00,
       -6.1034786651065064e-02 ]
tvec: !!opencv-matrix
   rows: 1
   cols: 3
   dt: d
   data: [ -4.5414055223305000e-01, 9.1980488711530140e-01,
       2.9293986067674638e+00 ]
date: "2023/12/10 16:43:30"
