%YAML:1.0
---
Extrinsic: !!opencv-matrix
   rows: 4
   cols: 4
   dt: d
   data: [ -6.3197404828028148e-01, -1.3771447841709191e-02,
       -7.7486718186059189e-01, -2.5187585902277465e-01,
       -4.8561860227540263e-02, 9.9858095503034394e-01,
       2.1859139551405903e-02, 9.9708159748937353e-01,
       7.7346657848382394e-01, 5.1443400694647687e-02,
       -6.3174601581133583e-01, 2.8741360930306410e+00, 0., 0., 0., 1. ]
Intrinsic: !!opencv-matrix
   rows: 3
   cols: 3
   dt: d
   data: [ 9.2706122381479099e+02, 0., 960., 0., 9.1673808443608823e+02,
       540., 0., 0., 1. ]
rvec: !!opencv-matrix
   rows: 1
   cols: 3
   dt: d
   data: [ 4.3080574028292927e-02, -2.2546822061926122e+00,
       -5.0661766707836738e-02 ]
tvec: !!opencv-matrix
   rows: 1
   cols: 3
   dt: d
   data: [ -2.5187585902277465e-01, 9.9708159748937353e-01,
       2.8741360930306410e+00 ]
date: "2023/12/10 16:43:30"
