%YAML:1.0
---
Extrinsic: !!opencv-matrix
   rows: 4
   cols: 4
   dt: d
   data: [ 4.8925189020383571e-02, 7.7253762760865008e-01,
       -6.3308130584318956e-01, 1.1617659286985837e+00,
       1.0882276693588547e-01, 6.2594403914486330e-01,
       7.7223808845163266e-01, -1.2662426891413321e+00,
       -9.9285645048805404e-01, 1.0667555384347521e-01,
       5.3445251767113143e-02, -1.0247500203585851e+00, 0., 0., 0., 1. ]
Intrinsic: !!opencv-matrix
   rows: 3
   cols: 3
   dt: d
   data: [ 9.0041015625000000e+02, 0., 9.6364093017578125e+02, 0.,
       9.0028247070312500e+02, 5.4871734619140625e+02, 0., 0., 1. ]
rvec: !!opencv-matrix
   rows: 1
   cols: 3
   dt: d
   data: [ -4.6026947265309642e-01, 5.9646553646216616e-01,
       1.4193165457559693e+00 ]
tvec: !!opencv-matrix
   rows: 1
   cols: 3
   dt: d
   data: [ -9.3647325246510948e-01, 4.4049449582792104e-03,
       1.7681011478394018e+00 ]
date: "2023/12/23 23:52:14"
