%YAML:1.0
---
Extrinsic: !!opencv-matrix
   rows: 4
   cols: 4
   dt: d
   data: [ -5.0097837786927002e-02, 7.2885238551484588e-01,
       6.8283556349855767e-01, -1.2903446366049871e+00,
       3.2019194068740433e-03, -6.8357334554905158e-01,
       7.2987480362524382e-01, -1.3128650648253686e+00,
       -9.9873918235001991e-01, -3.8751533959252550e-02,
       -3.1911819982856804e-02, -9.0600260206734795e-01, 0., 0., 0., 1. ]
Intrinsic: !!opencv-matrix
   rows: 3
   cols: 3
   dt: d
   data: [ 9.0041015625000000e+02, 0., 9.6364093017578125e+02, 0.,
       9.0028247070312500e+02, 5.4871734619140625e+02, 0., 0., 1. ]
rvec: !!opencv-matrix
   rows: 1
   cols: 3
   dt: d
   data: [ 5.8003448416678516e-01, -6.0493206167205105e-01,
       1.5377042292726197e+00 ]
tvec: !!opencv-matrix
   rows: 1
   cols: 3
   dt: d
   data: [ -9.6530008615993013e-01, 7.9222113074979197e-03,
       1.8104081464781949e+00 ]
date: "2023/12/23 23:52:14"
