%YAML:1.0
---
Extrinsic: !!opencv-matrix
   rows: 4
   cols: 4
   dt: d
   data: [ -1.1779803851028221e-01, -5.1622566373108469e-01,
       -8.4831284690763198e-01, 1.4322071598093835e+00,
       4.1073655559800852e-02, 8.5099668171279597e-01,
       -5.2356241512618595e-01, 7.7019852606589301e-01,
       -9.9218777302589500e-01, 9.6517935220409010e-02,
       7.9042464781306221e-02, -8.7325405331851536e-01, 0., 0., 0., 1. ]
Intrinsic: !!opencv-matrix
   rows: 3
   cols: 3
   dt: d
   data: [ 9.0041015625000000e+02, 0., 9.6364093017578125e+02, 0.,
       9.0028247070312500e+02, 5.4871734619140625e+02, 0., 0., 1. ]
rvec: !!opencv-matrix
   rows: 1
   cols: 3
   dt: d
   data: [ -1.4910350494858320e+00, 1.7178563425559339e+00,
       9.1932419257546627e-01 ]
tvec: !!opencv-matrix
   rows: 1
   cols: 3
   dt: d
   data: [ -7.2935566925430295e-01, 1.6819037988000501e-01,
       1.6872308862876411e+00 ]
date: "2023/12/23 23:52:14"
